sylvain@debian:~/Documents/System-DeviceProgramming/Lab4$ make
cc -Wall -Wextra -std=gnu99 -lm -lpthread    Lab4_1.c   -o Lab4_1
cc -Wall -Wextra -std=gnu99 -lm -lpthread    Lab4_2.c   -o Lab4_2
sylvain@debian:~/Documents/System-DeviceProgramming/Lab4$ ./Lab4_1 110 foo
1722966664 632056940 1843904391 152410536 857068804 1369669137 2069281700 427927232 2087272460 78265312 1472655685 1433254971 1474243743 1636927424 1205360480 2091872765 1279502808 1202875906 1376941248 1792091354 111863593 1508787370 369834491 940267527 739441055 184167540 751095366 34485626 1447657907 1055430398 526849211 1023140923 1687487338 223269954 1175551460 397072494 1592939092 1097349512 824999726 1532727904 1175614824 150171763 818499228 502374919 1787099187 2023859708 446764037 919118347 1079251967 1823705285 563726054 1191115560 1185009007 933560545 2131383088 1924450062 1117728085 734994806 1958935688 417902345 1790425204 338301251 1441043268 1330428894 561571206 469111080 1727501388 7026650 1566460592 405017466 1539754554 594591769 555189229 210770134 1096966688 194804769 87146195 1543730725 1113923116 1166398162 1219952362 1677649170 210030074 257477721 463726068 193929514 34444136 1581454153 928924320 1993379824 1999356498 571865876 184197428 1292916119 1902294770 745768634 1762027199 1482312510 752795284 1181004144 1887329976 145066190 1775595913 295035558 355836325 725078953 489840327 442982520 121326031 1603763443 sylvain@debian:~/Documents/System-DeviceProgramming/Lab4$ ./Lab4_2 foo
nthreads = 3
0 : 7026650
1 : 34444136
2 : 34485626
3 : 78265312
4 : 87146195
5 : 111863593
6 : 121326031
7 : 145066190
8 : 150171763
9 : 152410536
10 : 184167540
11 : 184197428
12 : 193929514
13 : 194804769
14 : 210030074
15 : 210770134
16 : 223269954
17 : 257477721
18 : 295035558
19 : 338301251
20 : 355836325
21 : 369834491
22 : 397072494
23 : 405017466
24 : 417902345
25 : 427927232
26 : 442982520
27 : 446764037
28 : 463726068
29 : 469111080
30 : 489840327
31 : 502374919
32 : 526849211
33 : 555189229
34 : 561571206
35 : 563726054
36 : 571865876
37 : 594591769
38 : 632056940
39 : 725078953
40 : 734994806
41 : 739441055
42 : 745768634
43 : 751095366
44 : 752795284
45 : 818499228
46 : 824999726
47 : 857068804
48 : 919118347
49 : 928924320
50 : 933560545
51 : 940267527
52 : 1023140923
53 : 1055430398
54 : 1079251967
55 : 1096966688
56 : 1097349512
57 : 1113923116
58 : 1117728085
59 : 1166398162
60 : 1175551460
61 : 1175614824
62 : 1181004144
63 : 1185009007
64 : 1191115560
65 : 1202875906
66 : 1205360480
67 : 1219952362
68 : 1279502808
69 : 1292916119
70 : 1330428894
71 : 1369669137
72 : 1376941248
73 : 1433254971
74 : 1441043268
75 : 1447657907
76 : 1472655685
77 : 1474243743
78 : 1482312510
79 : 1508787370
80 : 1532727904
81 : 1539754554
82 : 1543730725
83 : 1566460592
84 : 1581454153
85 : 1592939092
86 : 1603763443
87 : 1636927424
88 : 1677649170
89 : 1687487338
90 : 1722966664
91 : 1727501388
92 : 1762027199
93 : 1775595913
94 : 1787099187
95 : 1790425204
96 : 1792091354
97 : 1823705285
98 : 1843904391
99 : 1887329976
100 : 1902294770
101 : 1924450062
102 : 1958935688
103 : 1993379824
104 : 1999356498
105 : 2023859708
106 : 2069281700
107 : 2087272460
108 : 2091872765
109 : 2131383088
Complété

